camera_matrix:
- - 1044.3072166731486
  - 0.0
  - 635.550171548197
- - 0.0
  - 1050.1536943550861
  - 306.38481831991885
- - 0.0
  - 0.0
  - 1.0
dist_coeff:
- - 0.08573328231870057
  - -0.32288400152266655
  - -0.02345181204235055
  - 0.0012276569497375728
  - 1.2867009157995
